5631745496794663 1020 239
4886977949533356 0919 249
1429985361953295 0524 424
6697754945588283 0322 944
2867711557873295 0120 594
1876411482823337 0120 975
1595387324375864 1121 333
2695718623874243 0322 488
4332653499541919 0827 128
6496131262619961 0919 735
2497551762676172 1020 263
2996535356913115 0919 536
8623627916438258 0919 344
8662936382543148 0726 125
4896689387895393 0524 529
6211754571853371 1121 792
1589384268158719 1121 114
4811652314249627 0423 859
8939865792837136 0120 557
5283129275326312 1121 396
6215517867559156 1121 713
5133752471614832 1020 484
3777463526321927 1121 345
1757186726637773 0423 844
8661294717552928 0322 611
7141959813224912 0221 176
7847346173792758 0919 734
9265413864913351 0919 978
9864917754493439 0827 661
5317417683782149 1121 198
9586812264528217 0322 542
3276229971898399 0726 496
1157987465724943 0120 198
3661874441256242 1121 816
4158969338434183 0120 384
6238957179333524 0726 635
5181482839989114 0524 182
4986249523521582 0919 277
8577717498327417 0827 114
1651892624551867 0423 194
6181362362111554 0423 281
1358486244141271 0423 133
6481495587996882 1020 343
8162157867519133 0919 393
4837265944128182 0322 751
7367459365683559 0322 627
2242271537859471 0524 398
3643769458459422 0524 471
5196951768359647 0322 364
1273724333417681 1020 225
1964196262811385 0625 156
6443736419658445 0919 934
1356211999742668 0827 949
9367716887874395 1020 263
9182336518226394 0120 481
5782256137565612 0726 852
7639128663827876 1020 812
8273941159297383 0726 662
5133971654482345 0919 365
2286312389175738 1121 356
5466199374915412 0919 762
5781349828288811 0423 728
3212756841453144 1020 224
5986429793196584 1020 275
8681361892716598 0322 113
7923862715646464 0827 349
3781366273249441 0524 129
5658936719616743 0423 972
7397837575983746 0827 918
7465282941916775 0827 412
7978135247164339 0322 126
8288955445455864 0120 967
1212548714662394 0524 666
7984467765423883 0524 723
3546491664141678 0524 349
9915771194354238 0423 461
5793415395728523 0120 511
1324826835461352 0625 747
4249456195464635 0726 539
7516885893936895 1020 169
8595795847777469 0221 966
6955576175124523 0120 712
4776442233786346 0625 461
2655377295438542 0221 151
2595511791659372 0322 947
1352487284181284 0524 217
5787662523621689 0827 577
4795221153145671 0827 216
5745922533882123 0221 446
2899635167854415 0625 787
9175532322916557 1121 588
4789873113228413 0625 689
9151946855631677 1121 442
8853257644728521 0625 253
4361249899652117 1121 939
3623717382453387 0625 815
7747632495484245 0827 759
8139168183379154 0322 255
7698857115387868 0524 634
9597893187315197 0322 737
6679762989331191 0423 444
8667714234599688 0827 444
2669692715766693 0919 739
8776731258145963 0726 384
2379437861861329 0625 299
4641633126931214 0120 564
7985493979631343 1020 484
1785952537978149 0726 911
9171273426198177 0726 886
4353487781674568 0524 717
2121516886772583 0919 768
1416783487217413 0524 138
7237698197633614 1121 216
7657912448255189 0827 635
4864275821995746 0726 798
2459295752328364 1121 524
5413316541865219 1020 828
6183815113567197 0221 716
3947836435781662 1020 617
6324769416738895 1020 813
6541494399919412 0322 226
2358477296568895 0322 197
5239482875286329 0120 677
4413445947474215 0221 784
7459976883216862 0726 641
3521152168512859 1121 177
9799989798894446 0827 283
9751221288367329 0726 311
5862724873123828 0827 876
9811534835176241 0726 824
9345356152138243 1020 968
4289437397793938 0726 462
3553946472532877 0625 638
4137418349918775 0726 152
1645542695364341 0120 414
7673115914549368 0221 645
4666228179766985 0221 672
3645146422346653 0827 911
6367599421694575 0423 812
8633652521167333 1121 955
8382862839535129 1121 653
6551544987583366 0625 513
2643774195339895 0524 921
5487369796523496 0726 735
4613993692394892 0726 698
4395855883846135 0524 461
8316988318929514 0322 599
6625975393771266 0322 914
3373683699839571 0322 144
7894349465545222 0423 438
4174697632381587 0726 146
2467958481723992 0919 663
4968583942239448 1121 823
6129914567616425 1121 176
4117962576387477 0919 392
9781563961537645 0524 691
2411187197614538 0423 395
2899234391324939 0120 645
5859174621127334 0423 625
1132468856683883 0120 665
3788284679538782 0726 797
4656756775342618 0221 377
7863464899533483 0423 112
9351528326877375 1121 486
7798574149987239 0827 353
9673845875379481 0120 375
8325478179579745 0221 793
5756545616635766 0221 343
9684784541365919 1020 855
3753359513543837 0221 368
6717742944892234 1121 472
1446545487256944 0919 383
4651753943125635 0120 866
8837724191976186 0221 613
8155165149863745 0827 414
7193861197234438 0625 258
6799671419981293 0322 552
9712156393332293 0827 549
4111964482951236 1121 553
2941479494155312 1121 876
2247737472649984 0221 492
6835577117995767 0322 956
6179394535124111 0726 123
9854811521671616 0827 696
2142253847195426 0322 541
9641752248657318 1020 349
7451323967493333 1121 897
8791535575547432 0625 693
9923578566544544 0524 174
6242563628616391 0524 545
8542712649318518 0322 964
1875189314555579 1121 249
3143265129635335 0322 788
6239736144667561 1121 666
5298788247927157 0322 974
3693485129381372 1020 438
8925986925122695 0322 588
6339674284922888 0827 697
6547362132658652 0120 841
7299828597195553 0120 282
